month  days      median     maximum  day_of_max
    1    1-31         637        2139          25
    2   32-60         605        2775          55
    3   61-91         736        2934          84
    4   92-121        701        3280         114
    5  122-152        547        2354         144
    6  153-182        404        2058         173
    7  183-213        418        2673         203
    8  214-244        469        2895         232
    9  245-274        591        3803         262
   10  275-305        704        3959         291
   11  306-335      700.5        2854         321
   12  336-366        539        1845         350
   13  367-397        575        2372         379
   14  398-425      572.5        1815         409
   15  426-456        539        2612         439
   16  457-486        464        1675         469
   17  487-517        437        1696         498
   18  518-547        374        2456         528
   19  548-578        346        1982         557
   20  579-609        416        2478         587
   21  610-639        511        3689         616
   22  640-670        532        3589         646
   23  671-700        425        2903         675
   24  701-731        377        1700         704
